##FastQC	0.11.7
>>Basic Statistics	pass
#Measure	Value
Filename	reads_1.fq
File type	Conventional base calls
Encoding	Sanger / Illumina 1.9
Total Sequences	10000
Sequences flagged as poor quality	0
Sequence length	40-354
%GC	49
>>END_MODULE
>>Per base sequence quality	fail
#Base	Mean	Median	Lower Quartile	Upper Quartile	10th Percentile	90th Percentile
1	16.3621	14.0	6.0	27.0	2.0	35.0
2	16.2319	14.0	6.0	27.0	2.0	34.0
3	16.3348	14.0	6.0	27.0	2.0	34.0
4	16.2097	14.0	6.0	27.0	2.0	34.0
5	16.4134	14.0	6.0	27.0	2.0	35.0
6	16.1237	14.0	5.0	26.0	2.0	34.0
7	16.3759	14.0	6.0	27.0	2.0	34.0
8	16.4794	14.0	6.0	27.0	2.0	35.0
9	16.2444	14.0	6.0	27.0	2.0	34.0
10-19	16.292080000000002	14.0	5.9	26.9	2.0	34.4
20-29	16.286949999999997	14.0	5.8	26.9	2.0	34.2
30-39	16.29784	14.0	5.8	27.0	2.0	34.0
40-49	16.393754745973744	14.1	6.0	27.0	2.0	34.6
50-59	16.39049956633642	14.1	6.0	27.0	2.0	34.3
60-69	16.322116304885224	14.0	5.9	27.0	2.0	34.4
70-79	16.433958345488623	14.1	5.9	27.0	2.0	34.6
80-89	16.303458017581796	13.9	5.7	26.8	2.0	34.4
90-99	16.289450424861617	14.0	5.7	26.7	2.0	34.3
100-109	16.337536549099585	14.0	5.8	26.9	2.0	34.4
110-119	16.304077104119916	13.9	5.8	26.6	2.0	34.7
120-129	16.41470742017452	14.2	5.9	27.0	2.0	34.5
130-139	16.38710628311267	14.1	5.9	26.9	2.0	34.4
140-149	16.37026613715808	14.2	5.7	26.8	2.0	34.2
150-159	16.433931988632708	14.3	5.8	26.9	2.0	34.4
160-169	16.23719642407345	13.8	5.5	26.6	2.0	34.1
170-179	16.092704345637422	13.6	5.5	26.6	2.0	34.0
180-189	15.944312773849726	13.6	5.2	26.0	1.9	34.1
190-199	16.14075617000892	13.8	5.3	26.5	2.0	34.3
200-209	16.20992542004327	13.7	5.3	26.6	2.0	34.3
210-219	16.33612012320068	13.9	5.9	26.5	1.9	34.4
220-229	16.252481569362082	13.9	5.6	26.3	1.9	34.4
230-239	16.24558494688432	14.4	5.7	26.4	1.6	34.0
240-249	16.737264613451444	14.9	5.9	27.2	2.1	34.5
250-259	16.55795428887443	14.5	6.0	26.8	1.9	34.3
260-269	16.38519043653924	14.1	6.1	26.1	1.8	33.8
270-279	16.485714247328175	14.5	5.5	26.3	1.6	33.9
280-289	16.7876121529833	13.0	5.333333333333333	24.333333333333332	1.3333333333333333	31.666666666666668
290-299	16.341845844750644	NaN	NaN	NaN	NaN	NaN
300-309	15.649509837245	NaN	NaN	NaN	NaN	NaN
310-319	16.751272267893786	NaN	NaN	NaN	NaN	NaN
320-329	17.828930652680654	NaN	NaN	NaN	NaN	NaN
330-339	15.482896825396825	NaN	NaN	NaN	NaN	NaN
340-349	10.766666666666666	NaN	NaN	NaN	NaN	NaN
350-354	15.7	NaN	NaN	NaN	NaN	NaN
>>END_MODULE
>>Per sequence quality scores	fail
#Quality	Count
0	1.0
1	222.0
2	0.0
3	4.0
4	976.0
5	943.0
6	12.0
7	0.0
8	0.0
9	0.0
10	0.0
11	0.0
12	0.0
13	2.0
14	6.0
15	53.0
16	153.0
17	578.0
18	1770.0
19	2597.0
20	1850.0
21	612.0
22	171.0
23	37.0
24	13.0
>>END_MODULE
>>Per base sequence content	fail
#Base	G	A	T	C
1	25.047973811942658	24.652895360650188	25.431764307483917	24.86736651992324
2	25.50865800865801	24.567099567099568	24.74025974025974	25.183982683982688
3	24.63967782958881	25.07418397626113	24.745654938533278	25.540483255616785
4	24.93646759847522	26.037695891571367	24.777636594663278	24.24819991529013
5	25.084175084175087	24.44234006734007	24.915824915824917	25.55765993265993
6	24.918549658434053	25.790856542301626	24.256437204414084	25.034156594850238
7	24.816983894582723	25.507216063585027	24.325454925747753	25.3503451160845
8	25.086487053150226	24.122025369535592	26.103365132613483	24.688122444700703
9	25.383817427385893	24.263485477178424	25.529045643153523	24.823651452282157
10-19	24.91034796358112	24.923782850883086	25.119105443196265	25.04676374233953
20-29	24.82873731529742	25.129791003205092	25.259838004444124	24.78163367705336
30-39	24.771569458198485	24.949209298526814	25.252422129432063	25.026799113842635
40-49	24.86927646545125	24.84447942384613	25.083824781947754	25.202419328754864
50-59	24.801912484134515	25.204865004744242	24.868455102216856	25.124767408904386
60-69	24.923168015338202	25.413764908224547	24.945724194321482	24.71734288211577
70-79	24.949763401827965	25.468334737797367	24.786089323912623	24.795812536462048
80-89	24.847563800804345	25.286802453805805	24.90687028559779	24.958763459792056
90-99	24.804542661609847	24.957094730597284	25.162616267983136	25.075746339809733
100-109	24.94229133762605	25.100230834649494	24.82808893208602	25.12938889563844
110-119	24.681777579276464	25.446627958910227	24.73481464939705	25.13677981241626
120-129	25.20428603224063	24.657403580172332	25.356904390957364	24.781405996629676
130-139	25.223691360260826	25.172975910161206	24.673066473464953	24.930266256113022
140-149	25.02608623064402	24.850786760716222	25.243123669602234	24.880003339037522
150-159	25.368888031632753	24.505738258269844	25.11814061143794	25.007233098659466
160-169	24.965132496513252	25.249651324965132	25.171548117154813	24.613668061366806
170-179	24.93378980686002	25.3601188553711	25.218009172534074	24.488082165234804
180-189	25.3334349516043	25.21911439676854	24.578919289688287	24.868531361938874
190-199	25.171604046242773	24.83742774566474	25.20773121387283	24.783236994219653
200-209	24.634225642137206	24.8618185759185	26.12983634984285	24.37411943210144
210-219	25.39661378482869	24.263431542461007	25.329956005865885	25.009998666844417
220-229	24.86568166554735	24.529885829415715	25.486903962390866	25.117528542646074
230-239	24.22108408023901	24.434485702091337	25.26675202731541	26.07767819035425
240-249	26.24409229913817	24.93744787322769	24.742841256602723	24.075618571031416
250-259	24.3993993993994	25.788288288288285	25.825825825825827	23.986486486486484
260-269	24.660397074190175	23.667711598746084	26.436781609195403	25.235109717868337
270-279	25.854383358098072	22.956909361069837	23.40267459138187	27.786032689450224
280-289	25.704989154013013	23.969631236442517	26.35574837310195	23.969631236442517
290-299	28.104575163398692	23.202614379084967	23.03921568627451	25.653594771241828
300-309	24.671916010498688	27.296587926509186	24.671916010498688	23.35958005249344
310-319	21.973094170403588	25.56053811659193	22.421524663677133	30.04484304932735
320-329	25.757575757575758	27.27272727272727	22.727272727272727	24.242424242424242
330-339	29.6875	25.0	15.625	29.6875
340-349	16.666666666666664	37.5	16.666666666666664	29.166666666666668
350-354	12.5	62.5	12.5	12.5
>>END_MODULE
>>Per sequence GC content	fail
#GC Content	Count
0	0.0
1	0.0
2	0.0
3	0.0
4	0.0
5	0.0
6	0.0
7	0.0
8	0.0
9	0.0
10	0.0
11	0.0
12	0.0
13	1.0
14	2.5
15	3.0
16	2.5
17	3.5
18	7.5
19	11.0
20	13.166666666666668
21	14.833333333333332
22	16.166666666666668
23	26.0
24	42.333333333333336
25	54.5
26	62.83333333333333
27	64.66666666666666
28	82.5
29	102.33333333333331
30	118.99999999999997
31	143.8333333333333
32	162.8333333333333
33	178.83333333333331
34	193.25
35	190.50000000000003
36	195.25000000000009
37	229.66666666666674
38	241.83333333333343
39	253.5833333333334
40	276.5833333333333
41	302.08333333333326
42	328.8333333333333
43	348.33333333333337
44	365.5
45	396.4999999999999
46	430.3333333333331
47	457.41666666666634
48	481.6666666666664
49	484.6666666666664
50	508.2499999999993
51	565.0833333333331
52	586.6666666666665
53	565.7499999999998
54	535.4166666666664
55	537.3333333333333
56	509.6666666666659
57	454.3333333333327
58	409.58333333333303
59	371.0833333333332
60	355.41666666666646
61	300.6666666666666
62	241.3333333333334
63	195.50000000000006
64	144.08333333333334
65	109.83333333333333
66	87.66666666666667
67	69.33333333333334
68	44.5
69	24.5
70	15.5
71	11.5
72	9.0
73	8.0
74	6.0
75	3.0
76	1.5
77	1.5
78	1.5
79	0.5
80	0.0
81	0.0
82	0.0
83	0.0
84	0.0
85	0.0
86	0.0
87	0.0
88	0.0
89	0.0
90	0.0
91	0.0
92	0.0
93	0.0
94	0.0
95	0.0
96	0.0
97	0.0
98	0.0
99	0.0
100	0.0
>>END_MODULE
>>Per base N content	warn
#Base	N-Count
1	11.41
2	7.6
3	5.64
4	5.56
5	4.96
6	4.8500000000000005
7	4.38
8	4.61
9	3.5999999999999996
10-19	3.237
20-29	2.343
30-39	2.049
40-49	1.8601009406312492
50-59	1.8326760699683062
60-69	1.873063302346171
70-79	1.8560636182902583
80-89	1.8017362185378638
90-99	1.8875376779960502
100-109	1.8553406624853934
110-119	1.843987177028249
120-129	1.9393259127615126
130-139	1.9778424827782117
140-149	1.863684771033014
150-159	1.7575441754701784
160-169	2.118713482225741
170-179	2.006583111786302
180-189	2.213444626620957
190-199	1.9309123117803366
200-209	2.1215657154980376
210-219	2.190637632025036
220-229	1.9588477366255144
230-239	1.8638743455497382
240-249	1.3439385628085574
250-259	1.8422991893883567
260-269	1.3402061855670102
270-279	1.5362106803218727
280-289	0.7534983853606028
290-299	0.8103727714748784
300-309	1.2953367875647668
310-319	0.8888888888888888
320-329	0.0
330-339	1.5384615384615385
340-349	4.0
350-354	0.0
>>END_MODULE
>>Sequence Length Distribution	warn
#Length	Count
40-49	1224.0
50-59	1103.0
60-69	990.0
70-79	844.0
80-89	731.0
90-99	644.0
100-109	585.0
110-119	485.0
120-129	422.0
130-139	364.0
140-149	348.0
150-159	308.0
160-169	265.0
170-179	240.0
180-189	225.0
190-199	193.0
200-209	186.0
210-219	165.0
220-229	145.0
230-239	125.0
240-249	96.0
250-259	90.0
260-269	69.0
270-279	39.0
280-289	40.0
290-299	27.0
300-309	19.0
310-319	12.0
320-329	6.0
330-339	6.0
340-349	2.0
350-355	2.0
>>END_MODULE
>>Sequence Duplication Levels	pass
#Total Deduplicated Percentage	99.58
#Duplication Level	Percentage of deduplicated	Percentage of total
1	99.5782285599518	99.16
2	0.42177144004820244	0.84
3	0.0	0.0
4	0.0	0.0
5	0.0	0.0
6	0.0	0.0
7	0.0	0.0
8	0.0	0.0
9	0.0	0.0
>10	0.0	0.0
>50	0.0	0.0
>100	0.0	0.0
>500	0.0	0.0
>1k	0.0	0.0
>5k	0.0	0.0
>10k+	0.0	0.0
>>END_MODULE
>>Overrepresented sequences	pass
>>END_MODULE
>>Adapter Content	pass
#Position	Illumina Universal Adapter	Illumina Small RNA 3' Adapter	Illumina Small RNA 5' Adapter	Nextera Transposase Sequence	SOLID Small RNA Adapter
1	0.0	0.0	0.0	0.0	0.0
2	0.0	0.0	0.0	0.0	0.0
3	0.0	0.0	0.0	0.0	0.0
4	0.0	0.0	0.0	0.0	0.0
5	0.0	0.0	0.0	0.0	0.0
6	0.0	0.0	0.0	0.0	0.0
7	0.0	0.0	0.0	0.0	0.0
8	0.0	0.0	0.0	0.0	0.0
9	0.0	0.0	0.0	0.0	0.0
10-19	0.0	0.0	0.0	0.0	0.0
20-29	0.0	0.0	0.0	0.0	0.0
30-39	0.0	0.0	0.0	0.0	0.0
40-49	0.0	0.0	0.0	0.0	0.0
50-59	0.0	0.0	0.0	0.0	0.0
60-69	0.0	0.0	0.0	0.0	0.0
70-79	0.0	0.0	0.0	0.0	0.0
80-89	0.0	0.0	0.0	0.0	0.0
90-99	0.0	0.0	0.0	0.0	0.0
100-109	0.0	0.0	0.0	0.0	0.0
110-119	0.0	0.0	0.0	0.0	0.0
120-129	0.0	0.0	0.0	0.0	0.0
130-139	0.0	0.0	0.0	0.0	0.0
140-149	0.0	0.0	0.0	0.0	0.0
150-159	0.0	0.0	0.0	0.0	0.0
160-169	0.0	0.0	0.0	0.0	0.0
170-179	0.0	0.0	0.0	0.0	0.0
180-189	0.0	0.0	0.0	0.0	0.0
190-199	0.0	0.0	0.0	0.0	0.0
200-209	0.0	0.0	0.0	0.0	0.0
210-219	0.0	0.0	0.0	0.0	0.0
220-229	0.0	0.0	0.0	0.0	0.0
230-239	0.0	0.0	0.0	0.0	0.0
240-249	0.0	0.0	0.0	0.0	0.0
250-259	0.0	0.0	0.0	0.0	0.0
260-269	0.0	0.0	0.0	0.0	0.0
270-279	0.0	0.0	0.0	0.0	0.0
280-289	0.0	0.0	0.0	0.0	0.0
290-299	0.0	0.0	0.0	0.0	0.0
300-309	0.0	0.0	0.0	0.0	0.0
310-319	0.0	0.0	0.0	0.0	0.0
320-329	0.0	0.0	0.0	0.0	0.0
330-339	0.0	0.0	0.0	0.0	0.0
340-342	0.0	0.0	0.0	0.0	0.0
>>END_MODULE
